A=[1:20];

B= 2:30;