A=[1:20];